37,37
RPN1,1,MYC,2,SMARCA4,3,FUS,4,FIP1L1,5,FGFR2,6,NF1,7,ERBB2,8,DNM2,9,CTNNB1,10,SH3GL1,11,MED12,12,CIC,13,MYH9,14,MKL1,15,MAP2K2,16,GNA11,17,EWSR1,18,CARS,19,CREBBP,20,TP53,21,MLLT1,22,DAXX,23,CNOT3,24,AXIN1,25,AKT2,26,NUP214,27,MYD88,28,ABL1,29,NFKB2,30,SMARCB1,31,YWHAE,32,TERT,33,NFIB,34,PDGFB,35,STK11,36,NUMA1,37
RPN1,1,MYC,2,SMARCA4,3,FUS,4,FIP1L1,5,FGFR2,6,NF1,7,ERBB2,8,DNM2,9,CTNNB1,10,SH3GL1,11,MED12,12,CIC,13,MYH9,14,MKL1,15,MAP2K2,16,GNA11,17,EWSR1,18,CARS,19,CREBBP,20,TP53,21,MLLT1,22,DAXX,23,CNOT3,24,AXIN1,25,AKT2,26,NUP214,27,MYD88,28,ABL1,29,NFKB2,30,SMARCB1,31,YWHAE,32,TERT,33,NFIB,34,PDGFB,35,STK11,36,NUMA1,37
0.0,0.0,0.0,0.0,0.0,0.0,0.0,0.0,0.0,0.0,0.0032659670000000003,0.0,0.0,0.0,0.0,0.0,0.0,0.0,0.0,0.0,0.0,0.0,0.0,0.0,0.0,0.0,0.0,0.0,0.0,0.0,0.0,0.0,0.0,0.0,0.0,0.0,0.0
0.0,0.0,0.0,0.0,0.0,0.0,0.0,0.0,0.0,0.0,0.0,0.0,0.0,0.0,0.0,0.0,0.0,0.0,0.0,0.0,0.0,0.0,0.0,0.0,0.0,0.0,0.0,0.0,0.0,0.003303465,0.0,0.0,0.0,0.0,0.0,0.0,0.0
0.0,0.0,0.0,0.0033727440000000004,0.0,0.0,0.0,0.0,0.0,0.0,0.0034782209999999997,0.0,0.0,0.0,0.0,0.0,0.0,0.0,0.0,0.0,0.0,0.003725226,0.0,0.0,0.0,0.0,0.0,0.0,0.0,0.0,0.0035010909999999996,0.0,0.0,0.0,0.0,0.0,0.0
0.0,0.0,0.0033727440000000004,0.0,0.0,0.0,0.0,0.0,0.0,0.0,0.003568383,0.0,0.0,0.0,0.0,0.0,0.0,0.0,0.0,0.0,0.0,0.003321024,0.0,0.0,0.0,0.0,0.0,0.0,0.0,0.0,0.0,0.0,0.0,0.0,0.0,0.0,0.0
0.0,0.0,0.0,0.0,0.0,0.003279777,0.0,0.0,0.0,0.0,0.0,0.0,0.0,0.0,0.0,0.0,0.0,0.0,0.0,0.0,0.0,0.0,0.0,0.0,0.0,0.0,0.0,0.0,0.0,0.0,0.003272703,0.0,0.0,0.0,0.0,0.0,0.0
0.0,0.0,0.0,0.0,0.003279777,0.0,0.0,0.0,0.0,0.0,0.0,0.0,0.0,0.0,0.0,0.0,0.0,0.0,0.0,0.0,0.0,0.0,0.0,0.0,0.0,0.0,0.0,0.0,0.0,0.0,0.0,0.0,0.0,0.0,0.0,0.0,0.0
0.0,0.0,0.0,0.0,0.0,0.0,0.0,0.00352225,0.0,0.0,0.0,0.0,0.0,0.0,0.0,0.0,0.0,0.0,0.0,0.0,0.0,0.0,0.0,0.0,0.0,0.0,0.0,0.0,0.0,0.0,0.0,0.003773775,0.003846758,0.0,0.0,0.0,0.0
0.0,0.0,0.0,0.0,0.0,0.0,0.00352225,0.0,0.0,0.0,0.0,0.0,0.0,0.0,0.0,0.0,0.0,0.0,0.0,0.0,0.0,0.0,0.0,0.0,0.0,0.0,0.0,0.0,0.0,0.0,0.0,0.0,0.0,0.0,0.0,0.0,0.0
0.0,0.0,0.0,0.0,0.0,0.0,0.0,0.0,0.0,0.0,0.003326274,0.0,0.0,0.0,0.0,0.0033163690000000004,0.0,0.0,0.0,0.0,0.0,0.0,0.0,0.0,0.0,0.0,0.0,0.0,0.0,0.0,0.0,0.0,0.0,0.0,0.0,0.0,0.0
0.0,0.0,0.0,0.0,0.0,0.0,0.0,0.0,0.0,0.0,0.0,0.0,0.0,0.003575096,0.0034155440000000004,0.0,0.0032723929999999997,0.0,0.0,0.0,0.0,0.0,0.0,0.0,0.0,0.0,0.0,0.0,0.0,0.0,0.0,0.0,0.0,0.004000065,0.0,0.0,0.0
0.0032659670000000003,0.0,0.0034782209999999997,0.003568383,0.0,0.0,0.0,0.0,0.003326274,0.0,0.0,0.0,0.0,0.0,0.0,0.0,0.0,0.0,0.0,0.0,0.0,0.0033171290000000003,0.0,0.003472793,0.0,0.0,0.0,0.0,0.0,0.0,0.003299271,0.0,0.0,0.0,0.0,0.0,0.0
0.0,0.0,0.0,0.0,0.0,0.0,0.0,0.0,0.0,0.0,0.0,0.0,0.003594145,0.0,0.0,0.0,0.0,0.0,0.0,0.0,0.0036335779999999997,0.0,0.0,0.0034621390000000004,0.0,0.0,0.0,0.0,0.0,0.0,0.003583732,0.0,0.0,0.0,0.0,0.0,0.0
0.0,0.0,0.0,0.0,0.0,0.0,0.0,0.0,0.0,0.0,0.0,0.003594145,0.0,0.0,0.0,0.0,0.0,0.0,0.0,0.0,0.0,0.0,0.0,0.0,0.0,0.0,0.0,0.0,0.0,0.0,0.0,0.0,0.0,0.0,0.0,0.0,0.0
0.0,0.0,0.0,0.0,0.0,0.0,0.0,0.0,0.0,0.003575096,0.0,0.0,0.0,0.0,0.004559484,0.0,0.003508796,0.0034313909999999998,0.0038939609999999996,0.0,0.0,0.0,0.0033697970000000003,0.0,0.0,0.0,0.0,0.0046002890000000005,0.0,0.0,0.0,0.0,0.0,0.0,0.0034612320000000003,0.0,0.0
0.0,0.0,0.0,0.0,0.0,0.0,0.0,0.0,0.0,0.0034155440000000004,0.0,0.0,0.0,0.004559484,0.0,0.0033260140000000004,0.0035243659999999997,0.003426277,0.004012667,0.0,0.0,0.0,0.0,0.0,0.0,0.0,0.0,0.0043495140000000005,0.0,0.0,0.0,0.0,0.0,0.0,0.0,0.0,0.0
0.0,0.0,0.0,0.0,0.0,0.0,0.0,0.0,0.0033163690000000004,0.0,0.0,0.0,0.0,0.0,0.0033260140000000004,0.0,0.003610908,0.0,0.003399193,0.0,0.0,0.0,0.0,0.0,0.0,0.0,0.0,0.0034888090000000003,0.0,0.0,0.0,0.0,0.0,0.0,0.0,0.004104890999999999,0.0
0.0,0.0,0.0,0.0,0.0,0.0,0.0,0.0,0.0,0.0032723929999999997,0.0,0.0,0.0,0.003508796,0.0035243659999999997,0.003610908,0.0,0.0,0.003296613,0.0,0.0,0.003334965,0.003575103,0.0,0.0,0.0,0.0,0.003706322,0.0,0.0,0.0,0.0,0.0,0.0,0.0,0.004111958,0.003499022
0.0,0.0,0.0,0.0,0.0,0.0,0.0,0.0,0.0,0.0,0.0,0.0,0.0,0.0034313909999999998,0.003426277,0.0,0.0,0.0,0.0034666909999999996,0.0,0.0,0.003434548,0.0,0.0,0.0,0.0,0.0,0.003449862,0.0,0.0,0.0,0.0,0.0,0.0,0.0,0.0,0.0
0.0,0.0,0.0,0.0,0.0,0.0,0.0,0.0,0.0,0.0,0.0,0.0,0.0,0.0038939609999999996,0.004012667,0.003399193,0.003296613,0.0034666909999999996,0.0,0.0,0.0,0.0,0.003315046,0.0,0.0,0.0,0.0,0.004157365,0.0,0.0,0.0,0.0,0.0,0.0,0.0034276840000000003,0.0,0.0
0.0,0.0,0.0,0.0,0.0,0.0,0.0,0.0,0.0,0.0,0.0,0.0,0.0,0.0,0.0,0.0,0.0,0.0,0.0,0.0,0.0,0.0,0.0,0.0,0.0035045470000000002,0.0,0.0,0.0,0.0,0.0,0.0,0.0,0.0,0.0,0.0,0.0,0.003297267
0.0,0.0,0.0,0.0,0.0,0.0,0.0,0.0,0.0,0.0,0.0,0.0036335779999999997,0.0,0.0,0.0,0.0,0.0,0.0,0.0,0.0,0.0,0.003283182,0.0,0.0,0.0,0.003469711,0.0,0.0,0.0,0.0,0.0,0.003847935,0.0,0.0,0.0,0.0,0.0
0.0,0.0,0.003725226,0.003321024,0.0,0.0,0.0,0.0,0.0,0.0,0.0033171290000000003,0.0,0.0,0.0,0.0,0.0,0.003334965,0.003434548,0.0,0.0,0.003283182,0.0,0.0,0.0,0.0,0.0037038740000000002,0.0,0.0,0.0,0.0,0.0,0.0,0.0,0.0,0.0,0.003280093,0.0
0.0,0.0,0.0,0.0,0.0,0.0,0.0,0.0,0.0,0.0,0.0,0.0,0.0,0.0033697970000000003,0.0,0.0,0.003575103,0.0,0.003315046,0.0,0.0,0.0,0.0,0.0,0.0,0.003357057,0.0,0.003680502,0.0,0.0,0.0,0.0,0.0,0.0,0.0,0.0037879259999999996,0.0
0.0,0.0,0.0,0.0,0.0,0.0,0.0,0.0,0.0,0.0,0.003472793,0.0034621390000000004,0.0,0.0,0.0,0.0,0.0,0.0,0.0,0.0,0.0,0.0,0.0,0.0,0.0,0.0035726340000000003,0.0,0.0,0.0,0.0,0.0034532070000000002,0.0,0.0,0.0,0.0,0.0,0.0
0.0,0.0,0.0,0.0,0.0,0.0,0.0,0.0,0.0,0.0,0.0,0.0,0.0,0.0,0.0,0.0,0.0,0.0,0.0,0.0035045470000000002,0.0,0.0,0.0,0.0,0.0,0.003396582,0.0,0.0,0.0,0.0034227090000000003,0.0,0.0,0.0,0.0,0.0,0.0,0.0
0.0,0.0,0.0,0.0,0.0,0.0,0.0,0.0,0.0,0.0,0.0,0.0,0.0,0.0,0.0,0.0,0.0,0.0,0.0,0.0,0.003469711,0.0037038740000000002,0.003357057,0.0035726340000000003,0.003396582,0.0,0.0,0.0,0.0,0.0,0.0,0.0,0.0,0.0,0.0,0.0,0.0
0.0,0.0,0.0,0.0,0.0,0.0,0.0,0.0,0.0,0.0,0.0,0.0,0.0,0.0,0.0,0.0,0.0,0.0,0.0,0.0,0.0,0.0,0.0,0.0,0.0,0.0,0.0,0.0,0.003512538,0.0,0.0,0.0,0.0,0.0,0.0,0.00352346,0.0
0.0,0.0,0.0,0.0,0.0,0.0,0.0,0.0,0.0,0.0,0.0,0.0,0.0,0.0046002890000000005,0.0043495140000000005,0.0034888090000000003,0.003706322,0.003449862,0.004157365,0.0,0.0,0.0,0.003680502,0.0,0.0,0.0,0.0,0.0,0.00342333,0.003333219,0.0,0.0,0.0,0.0,0.003397254,0.003581275,0.0
0.0,0.0,0.0,0.0,0.0,0.0,0.0,0.0,0.0,0.0,0.0,0.0,0.0,0.0,0.0,0.0,0.0,0.0,0.0,0.0,0.0,0.0,0.0,0.0,0.0,0.0,0.003512538,0.00342333,0.0,0.0,0.0,0.0,0.0,0.0,0.0,0.0,0.0
0.0,0.003303465,0.0,0.0,0.0,0.0,0.0,0.0,0.0,0.0,0.0,0.0,0.0,0.0,0.0,0.0,0.0,0.0,0.0,0.0,0.0,0.0,0.0,0.0,0.0034227090000000003,0.0,0.0,0.003333219,0.0,0.0,0.0,0.0,0.0,0.0,0.0,0.0,0.0
0.0,0.0,0.0035010909999999996,0.0,0.003272703,0.0,0.0,0.0,0.0,0.0,0.003299271,0.003583732,0.0,0.0,0.0,0.0,0.0,0.0,0.0,0.0,0.0,0.0,0.0,0.0034532070000000002,0.0,0.0,0.0,0.0,0.0,0.0,0.0,0.0,0.0,0.0,0.0,0.0,0.0
0.0,0.0,0.0,0.0,0.0,0.0,0.003773775,0.0,0.0,0.0,0.0,0.0,0.0,0.0,0.0,0.0,0.0,0.0,0.0,0.0,0.003847935,0.0,0.0,0.0,0.0,0.0,0.0,0.0,0.0,0.0,0.0,0.0,0.0,0.0,0.0,0.0,0.0
0.0,0.0,0.0,0.0,0.0,0.0,0.003846758,0.0,0.0,0.0,0.0,0.0,0.0,0.0,0.0,0.0,0.0,0.0,0.0,0.0,0.0,0.0,0.0,0.0,0.0,0.0,0.0,0.0,0.0,0.0,0.0,0.0,0.0,0.0,0.0,0.0,0.0
0.0,0.0,0.0,0.0,0.0,0.0,0.0,0.0,0.0,0.004000065,0.0,0.0,0.0,0.0,0.0,0.0,0.0,0.0,0.0,0.0,0.0,0.0,0.0,0.0,0.0,0.0,0.0,0.0,0.0,0.0,0.0,0.0,0.0,0.0,0.0,0.0,0.0
0.0,0.0,0.0,0.0,0.0,0.0,0.0,0.0,0.0,0.0,0.0,0.0,0.0,0.0034612320000000003,0.0,0.0,0.0,0.0,0.0034276840000000003,0.0,0.0,0.0,0.0,0.0,0.0,0.0,0.0,0.003397254,0.0,0.0,0.0,0.0,0.0,0.0,0.0,0.0,0.0
0.0,0.0,0.0,0.0,0.0,0.0,0.0,0.0,0.0,0.0,0.0,0.0,0.0,0.0,0.0,0.004104890999999999,0.004111958,0.0,0.0,0.0,0.0,0.003280093,0.0037879259999999996,0.0,0.0,0.0,0.00352346,0.003581275,0.0,0.0,0.0,0.0,0.0,0.0,0.0,0.0,0.0
0.0,0.0,0.0,0.0,0.0,0.0,0.0,0.0,0.0,0.0,0.0,0.0,0.0,0.0,0.0,0.0,0.003499022,0.0,0.0,0.003297267,0.0,0.0,0.0,0.0,0.0,0.0,0.0,0.0,0.0,0.0,0.0,0.0,0.0,0.0,0.0,0.0,0.0
44,44
PICALM,38,RAD21,39,LMO1,40,FANCC,41,CDKN2A,42,MYCN,43,CCND3,44,USP6,45,MUTYH,46,MSH6,47,FANCG,48,FANCE,49,CHEK2,50,BRD3,51,RBM15,52,HMGA2,53,WHSC1,54,SS18L1,55,SFRS3,56,RECQL4,57,MSH2,58,HIST1H4I,59,FANCA,60,EZH2,61,CDKN2C,62,CCNE1,63,CBFB,64,BUB1B,65,BRIP1,66,BRCA2,67,BLM,68,ETV4,69,SUZ12,70,NPM1,71,NACA,72,ATIC,73,UBR5,74,RANBP17,75,U2AF1,76,HOXD13,77,NT5C2,78,XPO1,79,FBXO11,80,KRAS,81
PICALM,38,RAD21,39,LMO1,40,FANCC,41,CDKN2A,42,MYCN,43,CCND3,44,USP6,45,MUTYH,46,MSH6,47,FANCG,48,FANCE,49,CHEK2,50,BRD3,51,RBM15,52,HMGA2,53,WHSC1,54,SS18L1,55,SFRS3,56,RECQL4,57,MSH2,58,HIST1H4I,59,FANCA,60,EZH2,61,CDKN2C,62,CCNE1,63,CBFB,64,BUB1B,65,BRIP1,66,BRCA2,67,BLM,68,ETV4,69,SUZ12,70,NPM1,71,NACA,72,ATIC,73,UBR5,74,RANBP17,75,U2AF1,76,HOXD13,77,NT5C2,78,XPO1,79,FBXO11,80,KRAS,81
0.0,0.0,0.0,0.0,0.0,0.0,0.0,0.0,0.0,0.0,0.0,0.0,0.0,0.0,0.0,0.0,0.0,0.0,0.003609872,0.0,0.0,0.0,0.0,0.0,0.0,0.0,0.0,0.0,0.0,0.0,0.0,0.0,0.0,0.0,0.0,0.0,0.0,0.0,0.0,0.0,0.0,0.0,0.0,0.0
0.0,0.0,0.003684633,0.0,0.0,0.0,0.0,0.0,0.0,0.0,0.0,0.0,0.0,0.0,0.0,0.0,0.0035504409999999997,0.0,0.0,0.0032880279999999997,0.003349355,0.0,0.0,0.0,0.0,0.0,0.0,0.0,0.0,0.0,0.0,0.0,0.0,0.0,0.0,0.0,0.003572304,0.0,0.0,0.0,0.0,0.0,0.0,0.0
0.0,0.003684633,0.0,0.0,0.0,0.0,0.0,0.0,0.0,0.0,0.0,0.0,0.0,0.0,0.0,0.0,0.0,0.0,0.0,0.0,0.0,0.0,0.0,0.0,0.0,0.0,0.0,0.0,0.0,0.0,0.0,0.0,0.0,0.0,0.0,0.0,0.0,0.0,0.0,0.0,0.0,0.0,0.0,0.0
0.0,0.0,0.0,0.0,0.0,0.0,0.0,0.0,0.0,0.0,0.0033290909999999997,0.0,0.0,0.0,0.0,0.0,0.0,0.0,0.0,0.0,0.003713526,0.0,0.003538753,0.0,0.0,0.0,0.0,0.0,0.0,0.0,0.0,0.0,0.0,0.0,0.0,0.0,0.0,0.003443102,0.0,0.0,0.0,0.0,0.0,0.0
0.0,0.0,0.0,0.0,0.0,0.0,0.0,0.0,0.0,0.0032902609999999996,0.0,0.0,0.0,0.0,0.0,0.0,0.0,0.0,0.0,0.0,0.0,0.0,0.0,0.0,0.0,0.0,0.0,0.0,0.0,0.0,0.0,0.0,0.0,0.0,0.0,0.0,0.0,0.0,0.003424165,0.004558530999999999,0.0,0.0,0.0,0.0
0.0,0.0,0.0,0.0,0.0,0.0,0.003452035,0.0,0.0,0.003341046,0.0,0.0,0.0,0.0,0.0,0.0,0.0,0.0,0.0,0.0,0.0,0.0,0.0,0.0,0.0,0.0,0.0,0.0,0.0,0.0,0.0,0.0,0.0,0.0,0.0,0.0,0.0,0.0,0.0,0.0,0.0037156740000000004,0.0,0.0,0.0
0.0,0.0,0.0,0.0,0.0,0.003452035,0.0,0.0,0.0,0.003271972,0.0,0.0,0.0,0.0,0.0,0.0,0.0,0.0,0.0,0.0,0.0,0.0,0.0,0.0,0.0,0.0,0.0,0.0,0.0,0.0,0.0,0.0,0.0,0.0,0.0,0.0,0.0,0.0,0.0,0.0,0.0,0.0,0.0,0.0
0.0,0.0,0.0,0.0,0.0,0.0,0.0,0.0,0.0,0.0,0.0,0.0,0.003323558,0.0,0.0,0.0,0.00351578,0.0,0.0,0.0,0.0,0.0,0.0,0.003461326,0.0,0.0,0.0,0.003339688,0.0037351,0.0,0.0,0.0,0.0,0.0,0.0,0.0,0.0,0.0,0.0,0.0,0.0,0.0034020490000000003,0.0,0.0
0.0,0.0,0.0,0.0,0.0,0.0,0.0,0.0,0.0,0.0,0.003465851,0.003288002,0.0035407859999999998,0.0,0.0,0.0,0.003353459,0.0,0.0,0.0033125409999999996,0.0,0.0,0.003432847,0.0033637529999999997,0.0,0.003323323,0.0,0.003499289,0.003390652,0.0,0.0,0.0,0.0,0.0,0.0,0.0,0.0,0.0,0.0,0.0,0.0,0.00387128,0.0,0.0
0.0,0.0,0.0,0.0,0.0032902609999999996,0.003341046,0.003271972,0.0,0.0,0.0,0.0,0.004202305,0.0,0.0,0.0,0.0,0.0,0.0,0.0,0.0,0.003722478,0.0,0.00327306,0.0,0.0,0.0,0.0,0.0033505279999999998,0.003484855,0.0,0.0,0.0033020659999999998,0.0,0.0,0.0,0.0,0.0,0.0,0.0,0.0,0.0,0.0,0.0,0.0
0.0,0.0,0.0,0.0033290909999999997,0.0,0.0,0.0,0.0,0.003465851,0.0,0.0,0.0,0.003392809,0.0,0.0,0.0,0.0033619170000000003,0.0,0.0,0.003527603,0.003309223,0.0,0.0,0.003450087,0.003317125,0.003398092,0.0,0.003862366,0.003763573,0.0,0.0,0.0,0.0,0.0,0.0,0.0,0.0,0.0,0.0,0.0,0.0,0.0035123059999999998,0.0,0.0
0.0,0.0,0.0,0.0,0.0,0.0,0.0,0.0,0.003288002,0.004202305,0.0,0.0,0.0,0.0,0.0,0.0,0.003333118,0.0,0.0,0.0,0.00363172,0.0,0.0032881159999999998,0.0,0.0,0.0,0.0,0.00329842,0.003445321,0.0,0.0,0.003354157,0.0,0.0,0.0,0.0,0.0,0.0,0.0,0.0,0.0,0.0,0.0,0.0
0.0,0.0,0.0,0.0,0.0,0.0,0.0,0.003323558,0.0035407859999999998,0.0,0.003392809,0.0,0.0,0.0,0.0,0.0,0.003356386,0.0,0.0,0.003273315,0.0,0.0,0.0,0.003555005,0.0,0.00332263,0.0,0.0035449120000000003,0.003375581,0.0,0.0,0.0,0.0,0.0,0.0,0.0,0.0,0.0,0.0,0.0,0.0,0.00364944,0.0,0.0
0.0,0.0,0.0,0.0,0.0,0.0,0.0,0.0,0.0,0.0,0.0,0.0,0.0,0.0,0.0,0.0,0.0,0.0,0.0,0.004885622,0.0,0.0,0.0,0.0,0.0,0.0,0.0,0.0,0.0,0.0,0.0,0.0,0.0,0.0,0.0,0.0,0.0,0.0,0.0,0.0,0.0,0.0,0.0,0.0
0.0,0.0,0.0,0.0,0.0,0.0,0.0,0.0,0.0,0.0,0.0,0.0,0.0,0.0,0.0,0.0032709220000000003,0.0,0.0,0.0,0.0,0.0,0.0,0.0,0.0,0.0,0.0,0.0,0.0,0.0,0.00340494,0.0,0.0,0.0,0.0,0.0,0.0,0.0,0.0,0.0036540920000000003,0.0,0.0,0.0,0.0,0.0
0.0,0.0,0.0,0.0,0.0,0.0,0.0,0.0,0.0,0.0,0.0,0.0,0.0,0.0,0.0032709220000000003,0.0,0.0,0.0,0.0,0.0,0.0,0.0,0.0,0.0,0.0,0.0,0.0,0.0,0.0,0.003369144,0.0,0.0,0.0,0.0,0.0,0.0,0.0,0.0,0.0,0.0,0.0,0.0,0.0,0.0
0.0,0.0035504409999999997,0.0,0.0,0.0,0.0,0.0,0.00351578,0.003353459,0.0,0.0033619170000000003,0.003333118,0.003356386,0.0,0.0,0.0,0.0,0.0033475370000000003,0.0,0.003706508,0.003372163,0.0,0.003283962,0.0034698259999999996,0.00339786,0.00327186,0.0,0.003627717,0.0037151320000000003,0.0,0.003316907,0.0,0.0,0.0,0.0,0.0,0.0,0.0,0.0,0.0,0.0,0.0033761409999999996,0.0,0.0
0.0,0.0,0.0,0.0,0.0,0.0,0.0,0.0,0.0,0.0,0.0,0.0,0.0,0.0,0.0,0.0,0.0033475370000000003,0.0,0.003704712,0.003971682,0.004187815,0.0032954090000000004,0.003825295,0.003910507,0.003403454,0.0036798890000000004,0.0038288370000000003,0.003584795,0.0034053240000000004,0.0,0.0053504519999999995,0.0,0.0,0.0,0.0,0.0,0.0,0.0,0.00335233,0.0,0.0,0.0,0.0,0.0
0.003609872,0.0,0.0,0.0,0.0,0.0,0.0,0.0,0.0,0.0,0.0,0.0,0.0,0.0,0.0,0.0,0.0,0.003704712,0.0,0.0,0.004046511,0.0,0.0036701290000000003,0.0,0.003397108,0.0,0.0,0.0,0.0,0.0,0.003449655,0.0,0.0,0.003270118,0.0,0.0,0.0,0.0,0.0,0.0,0.0,0.0,0.0,0.0
0.0,0.0032880279999999997,0.0,0.0,0.0,0.0,0.0,0.0,0.0033125409999999996,0.0,0.003527603,0.0,0.003273315,0.004885622,0.0,0.0,0.003706508,0.003971682,0.0,0.0,0.003319362,0.0,0.003410322,0.004338806,0.0,0.004034543,0.003751449,0.00418545,0.003807473,0.003466508,0.004260225,0.0,0.0,0.0,0.0,0.0,0.0,0.0,0.0,0.0,0.0,0.003697847,0.0,0.0
0.0,0.003349355,0.0,0.003713526,0.0,0.0,0.0,0.0,0.0,0.003722478,0.003309223,0.00363172,0.0,0.0,0.0,0.0,0.003372163,0.004187815,0.004046511,0.003319362,0.0,0.003333318,0.004092571,0.0,0.00354676,0.0033968740000000002,0.0,0.0036107459999999997,0.003578345,0.0,0.004012122,0.0,0.0,0.0,0.0,0.0,0.0,0.0,0.0,0.0,0.0,0.003319182,0.0,0.0
0.0,0.0,0.0,0.0,0.0,0.0,0.0,0.0,0.0,0.0,0.0,0.0,0.0,0.0,0.0,0.0,0.0,0.0032954090000000004,0.0,0.0,0.003333318,0.0,0.003445477,0.0,0.003360847,0.0,0.0,0.0,0.0,0.0,0.003290318,0.0,0.0,0.0,0.0,0.0,0.0,0.0,0.0,0.0,0.0,0.0,0.0,0.0
0.0,0.0,0.0,0.003538753,0.0,0.0,0.0,0.0,0.003432847,0.00327306,0.0,0.0032881159999999998,0.0,0.0,0.0,0.0,0.003283962,0.003825295,0.0036701290000000003,0.003410322,0.004092571,0.003445477,0.0,0.003497037,0.0035741490000000004,0.0034580229999999997,0.0035858220000000002,0.003773677,0.0034870879999999997,0.0,0.004185883,0.0,0.003309071,0.0,0.0,0.0,0.0,0.0,0.0,0.0,0.0,0.0038227070000000003,0.0,0.0
0.0,0.0,0.0,0.0,0.0,0.0,0.0,0.003461326,0.0033637529999999997,0.0,0.003450087,0.0,0.003555005,0.0,0.0,0.0,0.0034698259999999996,0.003910507,0.0,0.004338806,0.0,0.0,0.003497037,0.0,0.0,0.00438538,0.004213321,0.004080485,0.003931227,0.003437205,0.004230685,0.0,0.0,0.0,0.0,0.0,0.0,0.0,0.003534953,0.0,0.0,0.0038626159999999997,0.0032813890000000004,0.0
0.0,0.0,0.0,0.0,0.0,0.0,0.0,0.0,0.0,0.0,0.003317125,0.0,0.0,0.0,0.0,0.0,0.00339786,0.003403454,0.003397108,0.0,0.00354676,0.003360847,0.0035741490000000004,0.0,0.0,0.0,0.0,0.0,0.0,0.0,0.003303997,0.0,0.0,0.0,0.0,0.0,0.0,0.0,0.0,0.0,0.0,0.0,0.0,0.0
0.0,0.0,0.0,0.0,0.0,0.0,0.0,0.0,0.003323323,0.0,0.003398092,0.0,0.00332263,0.0,0.0,0.0,0.00327186,0.0036798890000000004,0.0,0.004034543,0.0033968740000000002,0.0,0.0034580229999999997,0.00438538,0.0,0.0,0.004372231,0.004254,0.0036906440000000003,0.0,0.0040482370000000005,0.0,0.0,0.0,0.0,0.0,0.0,0.0,0.0,0.0,0.0,0.003704133,0.0,0.0
0.0,0.0,0.0,0.0,0.0,0.0,0.0,0.0,0.0,0.0,0.0,0.0,0.0,0.0,0.0,0.0,0.0,0.0038288370000000003,0.0,0.003751449,0.0,0.0,0.0035858220000000002,0.004213321,0.0,0.004372231,0.0,0.003704453,0.003480575,0.0,0.003823893,0.0,0.0,0.0,0.0,0.0,0.0,0.0,0.0,0.0,0.0,0.003900561,0.00349925,0.0
0.0,0.0,0.0,0.0,0.0,0.0,0.0,0.003339688,0.003499289,0.0033505279999999998,0.003862366,0.00329842,0.0035449120000000003,0.0,0.0,0.0,0.003627717,0.003584795,0.0,0.00418545,0.0036107459999999997,0.0,0.003773677,0.004080485,0.0,0.004254,0.003704453,0.0,0.004156376,0.0,0.00404224,0.0,0.0,0.0,0.0,0.0,0.0,0.0,0.0,0.0,0.0,0.003969965,0.0,0.0
0.0,0.0,0.0,0.0,0.0,0.0,0.0,0.0037351,0.003390652,0.003484855,0.003763573,0.003445321,0.003375581,0.0,0.0,0.0,0.0037151320000000003,0.0034053240000000004,0.0,0.003807473,0.003578345,0.0,0.0034870879999999997,0.003931227,0.0,0.0036906440000000003,0.003480575,0.004156376,0.0,0.0,0.003551276,0.0,0.0,0.0,0.0,0.0,0.0,0.0,0.0,0.0,0.0,0.003687465,0.0,0.0
0.0,0.0,0.0,0.0,0.0,0.0,0.0,0.0,0.0,0.0,0.0,0.0,0.0,0.0,0.00340494,0.003369144,0.0,0.0,0.0,0.003466508,0.0,0.0,0.0,0.003437205,0.0,0.0,0.0,0.0,0.0,0.0,0.003420791,0.0,0.0,0.0,0.0,0.0,0.0,0.0,0.003979435999999999,0.0,0.0,0.0,0.0,0.003291465
0.0,0.0,0.0,0.0,0.0,0.0,0.0,0.0,0.0,0.0,0.0,0.0,0.0,0.0,0.0,0.0,0.003316907,0.0053504519999999995,0.003449655,0.004260225,0.004012122,0.003290318,0.004185883,0.004230685,0.003303997,0.0040482370000000005,0.003823893,0.00404224,0.003551276,0.003420791,0.0,0.0,0.0,0.0,0.0,0.0,0.0,0.0,0.003538631,0.0,0.0,0.003346387,0.0,0.0
0.0,0.0,0.0,0.0,0.0,0.0,0.0,0.0,0.0,0.0033020659999999998,0.0,0.003354157,0.0,0.0,0.0,0.0,0.0,0.0,0.0,0.0,0.0,0.0,0.0,0.0,0.0,0.0,0.0,0.0,0.0,0.0,0.0,0.0,0.0,0.0,0.0,0.0,0.0,0.0,0.0,0.0,0.0,0.0,0.0,0.0
0.0,0.0,0.0,0.0,0.0,0.0,0.0,0.0,0.0,0.0,0.0,0.0,0.0,0.0,0.0,0.0,0.0,0.0,0.0,0.0,0.0,0.0,0.003309071,0.0,0.0,0.0,0.0,0.0,0.0,0.0,0.0,0.0,0.0,0.003511925,0.0,0.003329023,0.0,0.0,0.0,0.0,0.0,0.00332782,0.0,0.0
0.0,0.0,0.0,0.0,0.0,0.0,0.0,0.0,0.0,0.0,0.0,0.0,0.0,0.0,0.0,0.0,0.0,0.0,0.003270118,0.0,0.0,0.0,0.0,0.0,0.0,0.0,0.0,0.0,0.0,0.0,0.0,0.0,0.003511925,0.0,0.003677626,0.0033308879999999997,0.0,0.0,0.0,0.0,0.0,0.0,0.0,0.0
0.0,0.0,0.0,0.0,0.0,0.0,0.0,0.0,0.0,0.0,0.0,0.0,0.0,0.0,0.0,0.0,0.0,0.0,0.0,0.0,0.0,0.0,0.0,0.0,0.0,0.0,0.0,0.0,0.0,0.0,0.0,0.0,0.0,0.003677626,0.0,0.003428502,0.0,0.0,0.0,0.0,0.0,0.0,0.0,0.0
0.0,0.0,0.0,0.0,0.0,0.0,0.0,0.0,0.0,0.0,0.0,0.0,0.0,0.0,0.0,0.0,0.0,0.0,0.0,0.0,0.0,0.0,0.0,0.0,0.0,0.0,0.0,0.0,0.0,0.0,0.0,0.0,0.003329023,0.0033308879999999997,0.003428502,0.0,0.0,0.0,0.0,0.0,0.0,0.0,0.0,0.0
0.0,0.003572304,0.0,0.0,0.0,0.0,0.0,0.0,0.0,0.0,0.0,0.0,0.0,0.0,0.0,0.0,0.0,0.0,0.0,0.0,0.0,0.0,0.0,0.0,0.0,0.0,0.0,0.0,0.0,0.0,0.0,0.0,0.0,0.0,0.0,0.0,0.0,0.0,0.0,0.0,0.0,0.0,0.0,0.0
0.0,0.0,0.0,0.003443102,0.0,0.0,0.0,0.0,0.0,0.0,0.0,0.0,0.0,0.0,0.0,0.0,0.0,0.0,0.0,0.0,0.0,0.0,0.0,0.0,0.0,0.0,0.0,0.0,0.0,0.0,0.0,0.0,0.0,0.0,0.0,0.0,0.0,0.0,0.0,0.0,0.0,0.0,0.0,0.0
0.0,0.0,0.0,0.0,0.003424165,0.0,0.0,0.0,0.0,0.0,0.0,0.0,0.0,0.0,0.0036540920000000003,0.0,0.0,0.00335233,0.0,0.0,0.0,0.0,0.0,0.003534953,0.0,0.0,0.0,0.0,0.0,0.003979435999999999,0.003538631,0.0,0.0,0.0,0.0,0.0,0.0,0.0,0.0,0.0,0.0,0.0,0.0,0.0
0.0,0.0,0.0,0.0,0.004558530999999999,0.0,0.0,0.0,0.0,0.0,0.0,0.0,0.0,0.0,0.0,0.0,0.0,0.0,0.0,0.0,0.0,0.0,0.0,0.0,0.0,0.0,0.0,0.0,0.0,0.0,0.0,0.0,0.0,0.0,0.0,0.0,0.0,0.0,0.0,0.0,0.0,0.0,0.0,0.0
0.0,0.0,0.0,0.0,0.0,0.0037156740000000004,0.0,0.0,0.0,0.0,0.0,0.0,0.0,0.0,0.0,0.0,0.0,0.0,0.0,0.0,0.0,0.0,0.0,0.0,0.0,0.0,0.0,0.0,0.0,0.0,0.0,0.0,0.0,0.0,0.0,0.0,0.0,0.0,0.0,0.0,0.0,0.0,0.0,0.0
0.0,0.0,0.0,0.0,0.0,0.0,0.0,0.0034020490000000003,0.00387128,0.0,0.0035123059999999998,0.0,0.00364944,0.0,0.0,0.0,0.0033761409999999996,0.0,0.0,0.003697847,0.003319182,0.0,0.0038227070000000003,0.0038626159999999997,0.0,0.003704133,0.003900561,0.003969965,0.003687465,0.0,0.003346387,0.0,0.00332782,0.0,0.0,0.0,0.0,0.0,0.0,0.0,0.0,0.0,0.0,0.0
0.0,0.0,0.0,0.0,0.0,0.0,0.0,0.0,0.0,0.0,0.0,0.0,0.0,0.0,0.0,0.0,0.0,0.0,0.0,0.0,0.0,0.0,0.0,0.0032813890000000004,0.0,0.0,0.00349925,0.0,0.0,0.0,0.0,0.0,0.0,0.0,0.0,0.0,0.0,0.0,0.0,0.0,0.0,0.0,0.0,0.0
0.0,0.0,0.0,0.0,0.0,0.0,0.0,0.0,0.0,0.0,0.0,0.0,0.0,0.0,0.0,0.0,0.0,0.0,0.0,0.0,0.0,0.0,0.0,0.0,0.0,0.0,0.0,0.0,0.0,0.003291465,0.0,0.0,0.0,0.0,0.0,0.0,0.0,0.0,0.0,0.0,0.0,0.0,0.0,0.0
14,14
SLC34A2,82,NTRK3,83,LIFR,84,LMO2,85,HLF,86,JAK2,87,KIT,88,FBXW7,89,PER1,90,CSF3R,91,TMPRSS2,92,RPL5,93,PPARG,94,XPC,95
SLC34A2,82,NTRK3,83,LIFR,84,LMO2,85,HLF,86,JAK2,87,KIT,88,FBXW7,89,PER1,90,CSF3R,91,TMPRSS2,92,RPL5,93,PPARG,94,XPC,95
0.0,0.0,0.0,0.0,0.0,0.0,0.0,0.0,0.0,0.0,0.003594444,0.0,0.0,0.0
0.0,0.0,0.0,0.0,0.0,0.0,0.0,0.0,0.0,0.0,0.0,0.003325275,0.0,0.0
0.0,0.0,0.0,0.003462608,0.0,0.0,0.0,0.0,0.0033807909999999997,0.0,0.0,0.0,0.003388414,0.0
0.0,0.0,0.003462608,0.0,0.0,0.0033060570000000003,0.0,0.0,0.003306368,0.0,0.003317642,0.0,0.0,0.0
0.0,0.0,0.0,0.0,0.0,0.0,0.0,0.0,0.0,0.0,0.0,0.0038059640000000002,0.0,0.0
0.0,0.0,0.0,0.0033060570000000003,0.0,0.0,0.0,0.0,0.0,0.0,0.0,0.0,0.0,0.0
0.0,0.0,0.0,0.0,0.0,0.0,0.0,0.003374994,0.003410711,0.0,0.0,0.003335394,0.0,0.0
0.0,0.0,0.0,0.0,0.0,0.0,0.003374994,0.0,0.0,0.0,0.0,0.0,0.0,0.0
0.0,0.0,0.0033807909999999997,0.003306368,0.0,0.0,0.003410711,0.0,0.0,0.003348274,0.0,0.0,0.003364933,0.00354304
0.0,0.0,0.0,0.0,0.0,0.0,0.0,0.0,0.003348274,0.0,0.0,0.0,0.0,0.0
0.003594444,0.0,0.0,0.003317642,0.0,0.0,0.0,0.0,0.0,0.0,0.0,0.0,0.0,0.0
0.0,0.003325275,0.0,0.0,0.0038059640000000002,0.0,0.003335394,0.0,0.0,0.0,0.0,0.0,0.0,0.0
0.0,0.0,0.003388414,0.0,0.0,0.0,0.0,0.0,0.003364933,0.0,0.0,0.0,0.0,0.0
0.0,0.0,0.0,0.0,0.0,0.0,0.0,0.0,0.00354304,0.0,0.0,0.0,0.0,0.0
28,28
JAK1,96,MAF,97,HERPUD1,98,MUC1,99,MAFB,100,FCGR2B,101,PIK3R1,102,ETV1,103,KLF4,104,FSTL3,105,PDGFRB,106,MN1,107,MITF,108,GAS7,109,ELN,110,COL1A1,111,CDH11,112,ERG,113,CBLB,114,CREB3L1,115,OMD,116,ARID1A,117,ARHGEF12,118,TAL1,119,PRDM16,120,PDGFRA,121,NR4A3,122,RUNX1,123
JAK1,96,MAF,97,HERPUD1,98,MUC1,99,MAFB,100,FCGR2B,101,PIK3R1,102,ETV1,103,KLF4,104,FSTL3,105,PDGFRB,106,MN1,107,MITF,108,GAS7,109,ELN,110,COL1A1,111,CDH11,112,ERG,113,CBLB,114,CREB3L1,115,OMD,116,ARID1A,117,ARHGEF12,118,TAL1,119,PRDM16,120,PDGFRA,121,NR4A3,122,RUNX1,123
0.0,0.0,0.0,0.0,0.0,0.0,0.0,0.0,0.0,0.0,0.0,0.003457375,0.0,0.0,0.0,0.0,0.0,0.0,0.0,0.0,0.0,0.0,0.0,0.0,0.0,0.0,0.0,0.0
0.0,0.0,0.0,0.0,0.003488462,0.0,0.0,0.0,0.0,0.0,0.0,0.0,0.0,0.0,0.0,0.0,0.0,0.0,0.0,0.0,0.0,0.0,0.0,0.0,0.0,0.0032854840000000004,0.0,0.0
0.0,0.0,0.0,0.0,0.0,0.0,0.0,0.0,0.0,0.0,0.0,0.0,0.0,0.0,0.0,0.0,0.0,0.0,0.0,0.0,0.0,0.0,0.0,0.0,0.0,0.0,0.003381204,0.0
0.0,0.0,0.0,0.0,0.0,0.0,0.0,0.0,0.0,0.0,0.0,0.0,0.0,0.0034412590000000003,0.0,0.0,0.0,0.0,0.0,0.0,0.003558557,0.0,0.0,0.0,0.0,0.0,0.0,0.003771473
0.0,0.003488462,0.0,0.0,0.0,0.0,0.0,0.0,0.0,0.0,0.0,0.0,0.0032665190000000003,0.003414408,0.0,0.0,0.0,0.0,0.0,0.0,0.0,0.0,0.0,0.0,0.0,0.003775111,0.0,0.0
0.0,0.0,0.0,0.0,0.0,0.0,0.0,0.0,0.0,0.0,0.0,0.0,0.0034490529999999997,0.0,0.0,0.0,0.0,0.0,0.0,0.0,0.0,0.0,0.0,0.0,0.0,0.0,0.0,0.0
0.0,0.0,0.0,0.0,0.0,0.0,0.0,0.003825759,0.0,0.0,0.0,0.0,0.0,0.0,0.0,0.0,0.0,0.0,0.0,0.0,0.0,0.0,0.0,0.0,0.0,0.0,0.0,0.003284814
0.0,0.0,0.0,0.0,0.0,0.0,0.003825759,0.0,0.0,0.0,0.0,0.0,0.0,0.0,0.0,0.0,0.0,0.0,0.0,0.0,0.0,0.0,0.0,0.003279453,0.0,0.0,0.0,0.0
0.0,0.0,0.0,0.0,0.0,0.0,0.0,0.0,0.0,0.0,0.0,0.003458513,0.003414912,0.0,0.003601212,0.0,0.0,0.0,0.0,0.0033521429999999997,0.0,0.0,0.0,0.0,0.0,0.0,0.003654373,0.0
0.0,0.0,0.0,0.0,0.0,0.0,0.0,0.0,0.0,0.0,0.003274747,0.0,0.0,0.0032981829999999997,0.0,0.0035173279999999997,0.0,0.0,0.0,0.0,0.0,0.0,0.0,0.0,0.0,0.0,0.0,0.0
0.0,0.0,0.0,0.0,0.0,0.0,0.0,0.0,0.0,0.003274747,0.0,0.003424886,0.003311728,0.003362874,0.003418548,0.005470579000000001,0.006220366,0.0,0.0,0.003303553,0.0036600459999999997,0.0,0.0,0.003966872,0.0,0.0,0.0,0.0
0.003457375,0.0,0.0,0.0,0.0,0.0,0.0,0.0,0.003458513,0.0,0.003424886,0.0,0.0,0.003675445,0.003287573,0.0,0.0037016970000000003,0.0,0.0,0.0035059690000000003,0.004285304,0.0,0.0,0.0,0.0,0.0,0.0,0.0
0.0,0.0,0.0,0.0,0.0032665190000000003,0.0034490529999999997,0.0,0.0,0.003414912,0.0,0.003311728,0.0,0.0,0.0037172259999999997,0.0,0.003550755,0.003365517,0.0,0.0,0.003331452,0.0033343440000000004,0.0,0.0,0.0,0.003448482,0.003277952,0.0,0.0
0.0,0.0,0.0,0.0034412590000000003,0.003414408,0.0,0.0,0.0,0.0,0.0032981829999999997,0.003362874,0.003675445,0.0037172259999999997,0.0,0.0,0.003653896,0.003545625,0.0,0.0,0.0,0.003740921,0.0,0.0,0.0,0.0032885690000000003,0.003429858,0.0,0.0
0.0,0.0,0.0,0.0,0.0,0.0,0.0,0.0,0.003601212,0.0,0.003418548,0.003287573,0.0,0.0,0.0,0.0,0.003422156,0.0,0.0,0.0,0.003634643,0.0,0.0,0.0,0.0,0.0,0.0,0.0
0.0,0.0,0.0,0.0,0.0,0.0,0.0,0.0,0.0,0.0035173279999999997,0.005470579000000001,0.0,0.003550755,0.003653896,0.0,0.0,0.005830533000000001,0.0,0.0,0.0,0.003374452,0.0,0.0,0.0,0.0,0.003278788,0.0,0.0
0.0,0.0,0.0,0.0,0.0,0.0,0.0,0.0,0.0,0.0,0.006220366,0.0037016970000000003,0.003365517,0.003545625,0.003422156,0.005830533000000001,0.0,0.0,0.0,0.003679988,0.004098172,0.0,0.0,0.003356277,0.0,0.0,0.0,0.0
0.0,0.0,0.0,0.0,0.0,0.0,0.0,0.0,0.0,0.0,0.0,0.0,0.0,0.0,0.0,0.0,0.0,0.0,0.003270667,0.0,0.0,0.0,0.0,0.003456631,0.003504992,0.0,0.0,0.0
0.0,0.0,0.0,0.0,0.0,0.0,0.0,0.0,0.0,0.0,0.0,0.0,0.0,0.0,0.0,0.0,0.0,0.003270667,0.0,0.0,0.0,0.0,0.0,0.0,0.0,0.0,0.0,0.0
0.0,0.0,0.0,0.0,0.0,0.0,0.0,0.0,0.0033521429999999997,0.0,0.003303553,0.0035059690000000003,0.003331452,0.0,0.0,0.0,0.003679988,0.0,0.0,0.0,0.003930118,0.0032831740000000002,0.0,0.0,0.0,0.0,0.0,0.003306598
0.0,0.0,0.0,0.003558557,0.0,0.0,0.0,0.0,0.0,0.0,0.0036600459999999997,0.004285304,0.0033343440000000004,0.003740921,0.003634643,0.003374452,0.004098172,0.0,0.0,0.003930118,0.0,0.0,0.00340558,0.0,0.0,0.0,0.0,0.0044550020000000004
0.0,0.0,0.0,0.0,0.0,0.0,0.0,0.0,0.0,0.0,0.0,0.0,0.0,0.0,0.0,0.0,0.0,0.0,0.0,0.0032831740000000002,0.0,0.0,0.003643656,0.0,0.0,0.0,0.0,0.0
0.0,0.0,0.0,0.0,0.0,0.0,0.0,0.0,0.0,0.0,0.0,0.0,0.0,0.0,0.0,0.0,0.0,0.0,0.0,0.0,0.00340558,0.003643656,0.0,0.0,0.0,0.0,0.0,0.0037583440000000003
0.0,0.0,0.0,0.0,0.0,0.0,0.0,0.003279453,0.0,0.0,0.003966872,0.0,0.0,0.0,0.0,0.0,0.003356277,0.003456631,0.0,0.0,0.0,0.0,0.0,0.0,0.0,0.0,0.0,0.0
0.0,0.0,0.0,0.0,0.0,0.0,0.0,0.0,0.0,0.0,0.0,0.0,0.003448482,0.0032885690000000003,0.0,0.0,0.0,0.003504992,0.0,0.0,0.0,0.0,0.0,0.0,0.0,0.0,0.0,0.0
0.0,0.0032854840000000004,0.0,0.0,0.003775111,0.0,0.0,0.0,0.0,0.0,0.0,0.0,0.003277952,0.003429858,0.0,0.003278788,0.0,0.0,0.0,0.0,0.0,0.0,0.0,0.0,0.0,0.0,0.0,0.0
0.0,0.0,0.003381204,0.0,0.0,0.0,0.0,0.0,0.003654373,0.0,0.0,0.0,0.0,0.0,0.0,0.0,0.0,0.0,0.0,0.0,0.0,0.0,0.0,0.0,0.0,0.0,0.0,0.0
0.0,0.0,0.0,0.003771473,0.0,0.0,0.003284814,0.0,0.0,0.0,0.0,0.0,0.0,0.0,0.0,0.0,0.0,0.0,0.0,0.003306598,0.0044550020000000004,0.0,0.0037583440000000003,0.0,0.0,0.0,0.0,0.0
23,23
SF3B1,124,MTCP1,125,FUBP1,126,SDHB,127,SET,128,MDM4,129,DDX6,130,CASP8,131,FH,132,CALR,133,NF2,134,EPS15,135,BCL10,136,HRAS,137,ERCC2,138,CEBPA,139,ASPSCR1,140,THRAP3,141,RARA,142,SDHD,143,TPR,144,H3F3A,145,SRGAP3,146
SF3B1,124,MTCP1,125,FUBP1,126,SDHB,127,SET,128,MDM4,129,DDX6,130,CASP8,131,FH,132,CALR,133,NF2,134,EPS15,135,BCL10,136,HRAS,137,ERCC2,138,CEBPA,139,ASPSCR1,140,THRAP3,141,RARA,142,SDHD,143,TPR,144,H3F3A,145,SRGAP3,146
0.0,0.0,0.0,0.0,0.0,0.0,0.0,0.0,0.0,0.0,0.0,0.0,0.0,0.0,0.0,0.0,0.0,0.003294282,0.0,0.0,0.0,0.0,0.0
0.0,0.0,0.0,0.003293285,0.0,0.0,0.0,0.0,0.0,0.0,0.0,0.0,0.0,0.0,0.0,0.0,0.0,0.0,0.0,0.0,0.0,0.0,0.0
0.0,0.0,0.0,0.0,0.0,0.0,0.0,0.0,0.003593621,0.0,0.0,0.0,0.0,0.0,0.0,0.0,0.0,0.0,0.0033178509999999997,0.0,0.0,0.0,0.0
0.0,0.003293285,0.0,0.0,0.0,0.0,0.0,0.0,0.0,0.0,0.0,0.003301782,0.0,0.0,0.0,0.0,0.0,0.0,0.0,0.004863015,0.0,0.0,0.0
0.0,0.0,0.0,0.0,0.0,0.0,0.003288348,0.0,0.0,0.0,0.0,0.0,0.0,0.0,0.0,0.0,0.0,0.003701651,0.0,0.0,0.0,0.0,0.0
0.0,0.0,0.0,0.0,0.0,0.0,0.003911742,0.003520096,0.0,0.0,0.0,0.0,0.0,0.0,0.0,0.0,0.0,0.0,0.0,0.0,0.00357583,0.0,0.0
0.0,0.0,0.0,0.0,0.003288348,0.003911742,0.0,0.0033479720000000003,0.0,0.0,0.0,0.0,0.0,0.0,0.0,0.0,0.0,0.00336861,0.0,0.0,0.003414075,0.0,0.0
0.0,0.0,0.0,0.0,0.0,0.003520096,0.0033479720000000003,0.0,0.0,0.0,0.0,0.0,0.0,0.0,0.0,0.0,0.0,0.0,0.0,0.0,0.0033361470000000002,0.0,0.0
0.0,0.0,0.003593621,0.0,0.0,0.0,0.0,0.0,0.0,0.003372763,0.0,0.0,0.0,0.0,0.0,0.0,0.0,0.0,0.0,0.0033289409999999998,0.0,0.0033284509999999996,0.0
0.0,0.0,0.0,0.0,0.0,0.0,0.0,0.0,0.003372763,0.0,0.0,0.0,0.0,0.0,0.0,0.0,0.0,0.0,0.0,0.0,0.0,0.0,0.0
0.0,0.0,0.0,0.0,0.0,0.0,0.0,0.0,0.0,0.0,0.0,0.0,0.0,0.0,0.0,0.0,0.0,0.00340267,0.0,0.0,0.0,0.0,0.0032867990000000004
0.0,0.0,0.0,0.003301782,0.0,0.0,0.0,0.0,0.0,0.0,0.0,0.0,0.00338246,0.0,0.0,0.0,0.0,0.0,0.0,0.0,0.0,0.0,0.0
0.0,0.0,0.0,0.0,0.0,0.0,0.0,0.0,0.0,0.0,0.0,0.00338246,0.0,0.0,0.0,0.0,0.0,0.0,0.0,0.0,0.0,0.0,0.0
0.0,0.0,0.0,0.0,0.0,0.0,0.0,0.0,0.0,0.0,0.0,0.0,0.0,0.0,0.0,0.003462101,0.00356907,0.003337632,0.0,0.0,0.0,0.0,0.0
0.0,0.0,0.0,0.0,0.0,0.0,0.0,0.0,0.0,0.0,0.0,0.0,0.0,0.0,0.0,0.0,0.003327577,0.0,0.0,0.0,0.0,0.00364749,0.0
0.0,0.0,0.0,0.0,0.0,0.0,0.0,0.0,0.0,0.0,0.0,0.0,0.0,0.003462101,0.0,0.0,0.0038348759999999996,0.0033271909999999997,0.0,0.0,0.0,0.0,0.00359317
0.0,0.0,0.0,0.0,0.0,0.0,0.0,0.0,0.0,0.0,0.0,0.0,0.0,0.00356907,0.003327577,0.0038348759999999996,0.0,0.0,0.0,0.0,0.0,0.0,0.0
0.003294282,0.0,0.0,0.0,0.003701651,0.0,0.00336861,0.0,0.0,0.0,0.00340267,0.0,0.0,0.003337632,0.0,0.0033271909999999997,0.0,0.0,0.0,0.0,0.0,0.0,0.0
0.0,0.0,0.0033178509999999997,0.0,0.0,0.0,0.0,0.0,0.0,0.0,0.0,0.0,0.0,0.0,0.0,0.0,0.0,0.0,0.0,0.0,0.0,0.0,0.0
0.0,0.0,0.0,0.004863015,0.0,0.0,0.0,0.0,0.0033289409999999998,0.0,0.0,0.0,0.0,0.0,0.0,0.0,0.0,0.0,0.0,0.0,0.0,0.0,0.0
0.0,0.0,0.0,0.0,0.0,0.00357583,0.003414075,0.0033361470000000002,0.0,0.0,0.0,0.0,0.0,0.0,0.0,0.0,0.0,0.0,0.0,0.0,0.0,0.0,0.0
0.0,0.0,0.0,0.0,0.0,0.0,0.0,0.0,0.0033284509999999996,0.0,0.0,0.0,0.0,0.0,0.00364749,0.0,0.0,0.0,0.0,0.0,0.0,0.0,0.0
0.0,0.0,0.0,0.0,0.0,0.0,0.0,0.0,0.0,0.0,0.0032867990000000004,0.0,0.0,0.0,0.0,0.00359317,0.0,0.0,0.0,0.0,0.0,0.0,0.0
17,17
HMGA1,147,NRAS,148,CREB3L2,149,NOTCH1,150,CDK6,151,TPM4,152,CCNB1IP1,153,ELK4,154,ETV6,155,BCL11A,156,HOXD11,157,MSN,158,ABI1,159,WWTR1,160,PIM1,161,ETV5,162,TAF15,163
HMGA1,147,NRAS,148,CREB3L2,149,NOTCH1,150,CDK6,151,TPM4,152,CCNB1IP1,153,ELK4,154,ETV6,155,BCL11A,156,HOXD11,157,MSN,158,ABI1,159,WWTR1,160,PIM1,161,ETV5,162,TAF15,163
0.0,0.0,0.0,0.0,0.0,0.0,0.0,0.0,0.004088163,0.0,0.0,0.0033840000000000003,0.0,0.0,0.0,0.0,0.0
0.0,0.0,0.0,0.0,0.0,0.00383735,0.0,0.003975050999999999,0.0,0.0,0.0,0.0,0.0,0.0,0.0,0.0,0.0
0.0,0.0,0.0,0.0,0.0,0.003430522,0.0,0.0,0.003620593,0.0,0.0,0.003999933,0.0,0.00364856,0.0,0.0,0.0
0.0,0.0,0.0,0.0,0.003297506,0.0,0.0,0.0,0.0,0.0,0.0032852690000000004,0.0,0.0,0.0032906890000000003,0.0032685759999999996,0.0,0.0
0.0,0.0,0.0,0.003297506,0.0,0.0,0.0,0.0,0.0,0.0,0.0,0.0,0.0,0.0,0.0,0.003816339,0.0
0.0,0.00383735,0.003430522,0.0,0.0,0.0,0.0,0.0,0.0,0.0,0.0,0.0,0.0,0.003429948,0.0,0.0,0.0
0.0,0.0,0.0,0.0,0.0,0.0,0.0,0.0,0.0,0.0,0.0,0.0,0.0,0.0,0.0,0.00327081,0.0
0.0,0.003975050999999999,0.0,0.0,0.0,0.0,0.0,0.0,0.0,0.0,0.0,0.0,0.0,0.0,0.0,0.0,0.0033554179999999998
0.004088163,0.0,0.003620593,0.0,0.0,0.0,0.0,0.0,0.0,0.004484292,0.0,0.004186468,0.0,0.0036458159999999996,0.0,0.0,0.0
0.0,0.0,0.0,0.0,0.0,0.0,0.0,0.0,0.004484292,0.0,0.0,0.0,0.0,0.0,0.0,0.0,0.0
0.0,0.0,0.0,0.0032852690000000004,0.0,0.0,0.0,0.0,0.0,0.0,0.0,0.0,0.0,0.0,0.0,0.0,0.0
0.0033840000000000003,0.0,0.003999933,0.0,0.0,0.0,0.0,0.0,0.004186468,0.0,0.0,0.0,0.003301282,0.004139353,0.0,0.0,0.0
0.0,0.0,0.0,0.0,0.0,0.0,0.0,0.0,0.0,0.0,0.0,0.003301282,0.0,0.0,0.0,0.0,0.0
0.0,0.0,0.00364856,0.0032906890000000003,0.0,0.003429948,0.0,0.0,0.0036458159999999996,0.0,0.0,0.004139353,0.0,0.0,0.0,0.0,0.0
0.0,0.0,0.0,0.0032685759999999996,0.0,0.0,0.0,0.0,0.0,0.0,0.0,0.0,0.0,0.0,0.0,0.0,0.0
0.0,0.0,0.0,0.0,0.003816339,0.0,0.00327081,0.0,0.0,0.0,0.0,0.0,0.0,0.0,0.0,0.0,0.0
0.0,0.0,0.0,0.0,0.0,0.0,0.0,0.0033554179999999998,0.0,0.0,0.0,0.0,0.0,0.0,0.0,0.0,0.0
31,31
SYK,164,LCP1,165,MALT1,166,FNBP1,167,CYLD,168,TNFAIP3,169,SOCS1,170,PRDM1,171,FLI1,172,PTPRC,173,PRF1,174,POU2AF1,175,LYL1,176,LCK,177,JAK3,178,ITK,179,IRF4,180,IL7R,181,IL21R,182,IKZF1,183,CIITA,184,CD79B,185,CD79A,186,CCND2,187,BIRC3,188,BCL11B,189,CD74,190,ALDH2,191,TNFRSF14,192,WAS,193,TNFRSF17,194
SYK,164,LCP1,165,MALT1,166,FNBP1,167,CYLD,168,TNFAIP3,169,SOCS1,170,PRDM1,171,FLI1,172,PTPRC,173,PRF1,174,POU2AF1,175,LYL1,176,LCK,177,JAK3,178,ITK,179,IRF4,180,IL7R,181,IL21R,182,IKZF1,183,CIITA,184,CD79B,185,CD79A,186,CCND2,187,BIRC3,188,BCL11B,189,CD74,190,ALDH2,191,TNFRSF14,192,WAS,193,TNFRSF17,194
0.0,0.00329318,0.0,0.0,0.0,0.0,0.003372199,0.0,0.0,0.0,0.0,0.0,0.0,0.0,0.0,0.0,0.0,0.0,0.0,0.0,0.0,0.0,0.0,0.0,0.0,0.0,0.0,0.0,0.003317031,0.0,0.0
0.00329318,0.0,0.0,0.0,0.0,0.0,0.0,0.0,0.0,0.0,0.0,0.0,0.0,0.0,0.0,0.0,0.0,0.0,0.0,0.0,0.0,0.0,0.0,0.0,0.0,0.0,0.0,0.0,0.0,0.0,0.0
0.0,0.0,0.0,0.0033454070000000003,0.0,0.0,0.0,0.0,0.0,0.0,0.0,0.0,0.0,0.0,0.0,0.0,0.0,0.0,0.0,0.0,0.0,0.0,0.0,0.0,0.0,0.0,0.0,0.0,0.0,0.00355481,0.0
0.0,0.0,0.0033454070000000003,0.0,0.0,0.003353127,0.0,0.0,0.0,0.0,0.0,0.0,0.0,0.0,0.0,0.0,0.0,0.0,0.0,0.0,0.0,0.0,0.0,0.0,0.0,0.0,0.0,0.0,0.0,0.00377636,0.0
0.0,0.0,0.0,0.0,0.0,0.0,0.0,0.0036553709999999997,0.0,0.0,0.0,0.0,0.0,0.0,0.0,0.0,0.0,0.0,0.0,0.0,0.0,0.0,0.0,0.0,0.0,0.0,0.0,0.0,0.0,0.0,0.0
0.0,0.0,0.0,0.003353127,0.0,0.0,0.0033845790000000004,0.003471111,0.003303167,0.0033232929999999997,0.0,0.0,0.0,0.00330013,0.0,0.0,0.0,0.0,0.0033206459999999996,0.0034909959999999997,0.0034158459999999997,0.0,0.0,0.0,0.0,0.0,0.0,0.0,0.0,0.003616274,0.0
0.003372199,0.0,0.0,0.0,0.0,0.0033845790000000004,0.0,0.0,0.0,0.0,0.0,0.0,0.0,0.0,0.0,0.0,0.0,0.0,0.003318167,0.003318215,0.003464918,0.0,0.0,0.0,0.0,0.0,0.0,0.0,0.0033219559999999996,0.003483238,0.0
0.0,0.0,0.0,0.0,0.0036553709999999997,0.003471111,0.0,0.0,0.0,0.0,0.0,0.0,0.0,0.0,0.0,0.0,0.0,0.0,0.0,0.0,0.0,0.0,0.0034990629999999997,0.0,0.0,0.0,0.0,0.0,0.0,0.0,0.0033940809999999997
0.0,0.0,0.0,0.0,0.0,0.003303167,0.0,0.0,0.0,0.003418595,0.0033771390000000004,0.0,0.0,0.003337797,0.0,0.0034281890000000003,0.0,0.0034030790000000003,0.0,0.00361992,0.0,0.0,0.0,0.0034107720000000003,0.0,0.0,0.0035737140000000004,0.0,0.0,0.0,0.0
0.0,0.0,0.0,0.0,0.0,0.0033232929999999997,0.0,0.0,0.003418595,0.0,0.004094453,0.0039614609999999995,0.003452119,0.0046648720000000005,0.0037657140000000003,0.004949895,0.004353277,0.004160897,0.005032107,0.005270843000000001,0.003412287,0.00377617,0.00409364,0.003606677,0.0038347520000000003,0.004010421,0.00360408,0.0,0.0,0.0034380540000000003,0.0
0.0,0.0,0.0,0.0,0.0,0.0,0.0,0.0,0.0033771390000000004,0.004094453,0.0,0.003956293,0.004628569,0.005489349,0.00425053,0.004637057,0.0037563009999999997,0.003997839,0.003921497,0.0035933479999999997,0.003390401,0.004092687,0.004287776,0.0,0.004278669000000001,0.004425184,0.0034739840000000003,0.0,0.0,0.0037480029999999998,0.0
0.0,0.0,0.0,0.0,0.0,0.0,0.0,0.0,0.0,0.0039614609999999995,0.003956293,0.0,0.003583495,0.004223939,0.003819872,0.004472391,0.004598069000000001,0.0034832129999999998,0.0037215440000000002,0.0,0.0,0.004289485,0.004874154,0.0,0.0034761209999999996,0.003790858,0.0,0.0,0.0,0.0,0.004197812
0.0,0.0,0.0,0.0,0.0,0.0,0.0,0.0,0.0,0.003452119,0.004628569,0.003583495,0.0,0.004528685,0.004206425,0.003919775,0.0034230429999999997,0.003936977,0.0032985740000000003,0.0,0.003394942,0.003651635,0.003930695,0.0,0.003651234,0.004256526,0.0,0.0,0.0,0.0034678779999999998,0.0
0.0,0.0,0.0,0.0,0.0,0.00330013,0.0,0.0,0.003337797,0.0046648720000000005,0.005489349,0.004223939,0.004528685,0.0,0.004462351,0.0053363640000000006,0.0040168040000000006,0.004300846,0.004262135,0.0038561090000000004,0.003456061,0.004152849,0.004572151,0.004306449,0.004058383,0.004614215,0.003461685,0.0,0.0,0.003592878,0.003417603
0.0,0.0,0.0,0.0,0.0,0.0,0.0,0.0,0.0,0.0037657140000000003,0.00425053,0.003819872,0.004206425,0.004462351,0.0,0.004113833,0.0037403370000000003,0.003808742,0.003588043,0.0,0.0,0.003822437,0.0042254879999999995,0.0,0.0036086190000000004,0.004396262,0.0,0.0,0.0,0.003791342,0.0
0.0,0.0,0.0,0.0,0.0,0.0,0.0,0.0,0.0034281890000000003,0.004949895,0.004637057,0.004472391,0.003919775,0.0053363640000000006,0.004113833,0.0,0.004435462,0.004254901,0.004351429,0.003915903,0.0,0.005206332,0.004968445,0.003382563,0.003968353,0.004301851,0.003417579,0.0,0.0,0.0034780379999999997,0.004449349
0.0,0.0,0.0,0.0,0.0,0.0,0.0,0.0,0.0,0.004353277,0.0037563009999999997,0.004598069000000001,0.0034230429999999997,0.0040168040000000006,0.0037403370000000003,0.004435462,0.0,0.0035822320000000003,0.00412571,0.003282727,0.0,0.004018847,0.005167443,0.0,0.0037687759999999997,0.003566433,0.0,0.0,0.0,0.0035386370000000003,0.003959627
0.0,0.0,0.0,0.0,0.0,0.0,0.0,0.0,0.0034030790000000003,0.004160897,0.003997839,0.0034832129999999998,0.003936977,0.004300846,0.003808742,0.004254901,0.0035822320000000003,0.0,0.004423047,0.003643059,0.00329471,0.003449083,0.003702788,0.003599082,0.003719282,0.0041419690000000006,0.003507133,0.0,0.0,0.0,0.0
0.0,0.0,0.0,0.0,0.0,0.0033206459999999996,0.003318167,0.0,0.0,0.005032107,0.003921497,0.0037215440000000002,0.0032985740000000003,0.004262135,0.003588043,0.004351429,0.00412571,0.004423047,0.0,0.0035182440000000002,0.0035599670000000003,0.003315999,0.003859602,0.003583888,0.00354352,0.003746218,0.0035913029999999997,0.0,0.0,0.00381624,0.0
0.0,0.0,0.0,0.0,0.0,0.0034909959999999997,0.003318215,0.0,0.00361992,0.005270843000000001,0.0035933479999999997,0.0,0.0,0.0038561090000000004,0.0,0.003915903,0.003282727,0.003643059,0.0035182440000000002,0.0,0.003569652,0.0033857379999999997,0.0033263629999999997,0.0,0.003316148,0.003526595,0.0,0.0,0.0,0.0,0.003387685
0.0,0.0,0.0,0.0,0.0,0.0034158459999999997,0.003464918,0.0,0.0,0.003412287,0.003390401,0.0,0.003394942,0.003456061,0.0,0.0,0.0,0.00329471,0.0035599670000000003,0.003569652,0.0,0.0,0.0,0.0,0.0,0.003372705,0.003460654,0.0,0.0,0.0,0.0
0.0,0.0,0.0,0.0,0.0,0.0,0.0,0.0,0.0,0.00377617,0.004092687,0.004289485,0.003651635,0.004152849,0.003822437,0.005206332,0.004018847,0.003449083,0.003315999,0.0033857379999999997,0.0,0.0,0.00446962,0.0,0.003638507,0.00420161,0.0,0.0,0.0,0.0,0.004747702
0.0,0.0,0.0,0.0,0.0,0.0,0.0,0.0034990629999999997,0.0,0.00409364,0.004287776,0.004874154,0.003930695,0.004572151,0.0042254879999999995,0.004968445,0.005167443,0.003702788,0.003859602,0.0033263629999999997,0.0,0.00446962,0.0,0.0,0.003787079,0.0040895,0.0,0.0,0.0,0.003411487,0.0041325879999999995
0.0,0.0,0.0,0.0,0.0,0.0,0.0,0.0,0.0034107720000000003,0.003606677,0.0,0.0,0.0,0.004306449,0.0,0.003382563,0.0,0.003599082,0.003583888,0.0,0.0,0.0,0.0,0.0,0.0,0.00329325,0.0036616070000000003,0.0,0.0,0.0,0.0
0.0,0.0,0.0,0.0,0.0,0.0,0.0,0.0,0.0,0.0038347520000000003,0.004278669000000001,0.0034761209999999996,0.003651234,0.004058383,0.0036086190000000004,0.003968353,0.0037687759999999997,0.003719282,0.00354352,0.003316148,0.0,0.003638507,0.003787079,0.0,0.0,0.0037706140000000003,0.0,0.0,0.0,0.0035057179999999997,0.0
0.0,0.0,0.0,0.0,0.0,0.0,0.0,0.0,0.0,0.004010421,0.004425184,0.003790858,0.004256526,0.004614215,0.004396262,0.004301851,0.003566433,0.0041419690000000006,0.003746218,0.003526595,0.003372705,0.00420161,0.0040895,0.00329325,0.0037706140000000003,0.0,0.0,0.0,0.0,0.0,0.0
0.0,0.0,0.0,0.0,0.0,0.0,0.0,0.0,0.0035737140000000004,0.00360408,0.0034739840000000003,0.0,0.0,0.003461685,0.0,0.003417579,0.0,0.003507133,0.0035913029999999997,0.0,0.003460654,0.0,0.0,0.0036616070000000003,0.0,0.0,0.0,0.003288523,0.0,0.0,0.0
0.0,0.0,0.0,0.0,0.0,0.0,0.0,0.0,0.0,0.0,0.0,0.0,0.0,0.0,0.0,0.0,0.0,0.0,0.0,0.0,0.0,0.0,0.0,0.0,0.0,0.0,0.003288523,0.0,0.0,0.0,0.0
0.003317031,0.0,0.0,0.0,0.0,0.0,0.0033219559999999996,0.0,0.0,0.0,0.0,0.0,0.0,0.0,0.0,0.0,0.0,0.0,0.0,0.0,0.0,0.0,0.0,0.0,0.0,0.0,0.0,0.0,0.0,0.0,0.0
0.0,0.0,0.00355481,0.00377636,0.0,0.003616274,0.003483238,0.0,0.0,0.0034380540000000003,0.0037480029999999998,0.0,0.0034678779999999998,0.003592878,0.003791342,0.0034780379999999997,0.0035386370000000003,0.0,0.00381624,0.0,0.0,0.0,0.003411487,0.0,0.0035057179999999997,0.0,0.0,0.0,0.0,0.0,0.0
0.0,0.0,0.0,0.0,0.0,0.0,0.0,0.0033940809999999997,0.0,0.0,0.0,0.004197812,0.0,0.003417603,0.0,0.004449349,0.003959627,0.0,0.0,0.003387685,0.0,0.004747702,0.0041325879999999995,0.0,0.0,0.0,0.0,0.0,0.0,0.0,0.0
39,39
